Multiple size <= 100
TEST 1 ARG:5 50 30 20 71 15 69 18 76 89 33 79 60 48 25 0 51 81 84 10 39 11 63 70 23 31 4 6 93 67 9 88 53 37 45 98 55 85 29 95 38 68 42 34 56 16 32 86 43 62 14 41 82 22 65 1 92 61 74 40 28 52 80 73 12 66 57 24 54 77 46 3 35 36 27 49 58 91 47 44 96 78 8 90 7 97 83 72 99 75 64 17 94 21 19 87 26 59 2 13
TEST 2 ARG:71 25 11 33 16 14 55 77 73 66 48 0 81 50 88 82 91 70 78 62 13 1 19 15 75 4 89 42 97 58 64 98 65 26 2 24 30 60 43 20 17 85 96 68 21 7 39 99 86 32 54 23 83 8 95 22 6 5 57 29 31 37 27 84 34 92 94 10 28 59 46 80 52 51 38 49 69 53 72 44 3 45 41 47 74 79 87 18 56 36 40 93 9 63 35 67 76 12 61 90
TEST 3 ARG:65 35 96 97 24 33 32 48 23 91 61 79 99 90 70 43 76 55 82 21 1 74 78 31 44 28 18 92 81 98 29 0 67 34 36 72 38 89 66 25 9 22 69 46 10 95 39 49 80 40 52 2 15 60 8 12 54 63 20 84 57 11 45 62 87 93 86 42 53 71 50 17 3 26 68 19 88 16 47 77 75 51 27 5 14 58 37 73 6 83 30 13 94 7 64 4 59 41 56 85
TEST 4 ARG:93 42 17 14 9 20 86 18 0 40 29 90 25 32 75 7 47 13 26 63 38 15 78 97 53 99 51 56 92 66 79 68 48 21 88 70 50 72 73 89 24 1 8 74 10 6 4 61 65 27 49 87 46 30 23 57 94 35 91 84 80 67 54 34 39 55 45 76 85 43 60 12 19 96 44 69 37 22 28 77 95 41 33 3 31 82 5 11 83 71 58 62 2 16 59 52 81 98 64 36
TEST 5 ARG:56 66 60 6 58 14 2 85 99 79 91 82 50 98 61 45 97 69 54 74 80 64 95 76 96 0 19 92 17 72 51 35 41 84 93 48 89 90 88 77 39 11 87 81 27 8 22 4 29 40 7 44 30 67 86 70 28 34 42 53 57 73 46 43 16 20 24 52 65 55 71 59 10 9 23 26 37 3 1 36 78 94 47 38 15 68 75 5 83 12 63 33 62 32 13 21 31 18 49 25
TEST 6 ARG:50 48 39 34 17 23 61 11 57 49 3 30 52 26 2 86 28 82 21 91 92 99 46 66 93 6 87 7 84 94 67 56 47 43 63 73 90 42 1 83 55 44 74 4 40 12 19 68 8 85 35 45 79 96 60 95 33 51 25 88 78 97 5 31 76 0 77 69 16 62 80 27 13 14 36 24 81 64 41 15 65 20 10 58 29 37 89 53 9 18 32 72 59 38 54 70 71 98 22 75
TEST 7 ARG:94 15 65 39 83 64 74 33 37 67 84 89 97 57 99 20 5 8 43 91 85 50 10 87 35 75 19 81 68 80 49 93 36 69 16 96 62 52 78 28 71 27 54 29 61 53 48 44 92 30 76 45 25 0 13 90 73 66 63 11 56 77 88 70 3 26 9 59 34 51 38 1 95 2 31 40 6 22 21 24 7 14 98 32 79 42 47 17 82 86 58 72 55 18 46 60 41 4 12 23
TEST 8 ARG:47 24 97 80 96 85 68 50 98 13 16 6 60 9 14 75 81 87 49 78 26 18 99 41 46 79 36 74 95 71 52 94 0 66 56 32 34 44 58 70 31 10 25 17 48 29 84 5 76 64 7 62 67 93 82 90 1 12 27 91 86 21 39 65 22 8 43 63 83 20 42 57 4 51 38 72 61 23 88 33 89 19 54 69 28 92 2 77 59 55 35 73 40 30 45 53 3 15 11 37
TEST 9 ARG:24 68 29 34 4 93 81 1 49 12 46 52 73 14 70 11 65 79 56 53 92 87 13 6 51 2 40 3 60 43 89 75 59 54 44 99 82 20 36 83 97 80 26 63 61 90 72 69 94 15 84 47 17 57 7 77 55 0 35 18 30 38 37 85 91 22 95 48 27 88 41 5 19 39 28 16 64 76 74 21 50 32 71 45 25 96 9 8 78 98 31 62 66 42 33 58 67 86 10 23
TEST 10 ARG:81 67 68 62 86 64 32 53 36 24 6 97 74 4 93 38 31 71 29 17 33 94 78 19 82 2 70 13 42 27 91 63 98 21 11 30 99 14 8 47 39 16 59 83 96 49 41 90 25 50 89 20 85 92 3 22 5 23 51 15 56 84 12 58 55 76 87 60 35 65 54 40 1 57 52 28 43 34 45 48 69 66 7 18 88 73 72 79 37 80 10 77 9 95 0 61 46 26 75 44
TEST 11 ARG:73 52 7 80 86 57 33 68 54 51 49 94 31 27 24 79 28 99 4 18 84 76 6 56 13 64 30 98 15 38 23 43 9 81 71 55 88 19 44 83 87 96 34 48 93 58 62 22 29 60 50 72 69 21 46 53 92 77 65 14 20 40 17 59 89 32 47 74 5 36 45 66 67 42 90 82 25 63 8 91 61 97 2 85 11 0 16 10 75 1 12 39 70 26 78 95 41 35 37 3
TEST 12 ARG:8 48 0 36 43 60 89 19 44 50 96 51 32 65 55 82 33 84 18 16 76 30 40 70 46 87 11 31 93 6 20 7 92 91 57 98 59 68 4 88 47 69 81 74 22 62 21 9 35 1 38 66 58 72 15 25 3 13 95 54 80 39 86 5 12 41 10 85 29 77 61 23 90 28 79 24 71 75 99 63 83 17 26 37 53 42 73 97 52 27 45 67 94 56 2 64 34 49 14 78
TEST 13 ARG:59 58 22 98 60 84 73 97 20 34 70 82 75 47 63 91 44 53 52 3 17 74 24 32 16 86 28 99 77 79 12 51 21 78 95 50 68 38 56 43 30 72 45 83 19 15 92 35 4 7 13 80 14 65 6 89 93 2 61 11 85 48 5 0 41 57 94 49 71 39 42 27 66 37 54 87 81 55 90 76 62 26 1 33 10 23 67 9 88 8 46 96 18 64 40 36 25 69 29 31
TEST 14 ARG:17 66 5 14 75 51 2 62 48 3 73 35 36 81 61 24 67 27 20 89 78 18 60 10 99 33 83 7 37 42 4 96 70 13 26 32 79 90 44 76 87 56 57 34 45 22 92 63 97 53 19 65 93 94 77 6 64 80 84 58 8 98 21 43 50 9 40 86 91 54 49 82 31 29 23 85 52 46 41 25 88 1 59 11 12 72 0 47 39 74 28 95 68 38 55 30 16 69 15 71
TEST 15 ARG:95 31 67 27 73 14 87 72 23 26 24 21 43 47 94 20 13 81 6 84 38 80 90 68 59 25 28 37 35 54 33 61 48 85 57 40 51 2 64 74 7 92 71 96 5 3 49 44 75 70 0 34 89 30 99 19 69 39 60 58 98 62 63 15 17 1 11 29 91 10 83 53 8 93 4 16 56 18 82 50 22 12 36 76 66 97 78 9 86 41 79 45 77 88 65 32 55 42 52 46
TEST 16 ARG:61 15 83 6 41 77 47 24 58 20 88 5 91 23 31 21 97 78 32 30 43 69 27 87 45 74 17 16 42 70 63 89 98 76 36 19 84 10 96 57 65 54 75 90 4 11 95 81 38 40 22 46 82 93 62 67 71 92 55 25 68 44 34 49 2 9 52 53 35 48 94 13 26 39 28 80 1 33 37 73 59 51 8 18 99 79 72 7 3 56 66 50 12 64 86 14 29 60 0 85
TEST 17 ARG:80 68 43 10 96 34 89 16 99 50 94 95 59 25 61 90 51 12 87 48 5 27 63 84 15 93 75 74 70 40 28 78 7 29 24 0 56 32 47 73 26 92 2 88 64 83 23 11 13 82 77 60 31 44 66 30 4 58 46 67 19 69 41 91 1 97 98 54 72 18 53 38 52 17 6 57 79 55 85 39 36 42 22 20 86 49 14 3 37 76 21 65 71 81 8 33 62 9 45 35
TEST 18 ARG:80 44 1 4 62 43 68 98 2 87 93 51 24 15 74 27 32 96 69 41 67 57 59 60 38 88 17 48 37 35 5 33 85 23 73 86 56 55 7 26 6 40 20 10 8 99 39 90 83 11 89 54 47 79 25 64 97 22 78 29 77 45 9 91 28 46 82 71 18 21 81 84 36 61 76 30 49 58 16 65 53 72 31 42 94 92 70 95 19 63 52 75 66 12 13 34 3 50 0 14
TEST 19 ARG:49 1 45 44 70 77 84 52 12 72 90 85 73 98 79 16 32 2 19 63 56 29 15 83 88 5 31 37 97 81 71 6 69 17 8 58 93 0 99 13 33 21 18 30 89 27 47 9 26 51 64 25 50 92 59 7 57 91 54 94 66 38 60 75 14 86 24 36 22 35 28 55 39 67 34 40 43 87 42 62 80 76 96 4 20 3 10 61 82 65 74 23 46 41 78 48 68 95 11 53
TEST 20 ARG:79 17 23 65 19 99 22 94 53 75 18 9 63 52 47 11 16 51 39 0 45 4 35 10 77 7 32 68 48 27 74 38 40 70 95 73 13 37 42 93 90 89 49 98 36 26 8 25 80 34 5 29 54 88 55 31 64 46 6 81 12 1 44 15 30 20 91 71 28 33 2 24 3 97 59 66 43 58 72 85 57 14 84 41 56 96 67 86 60 76 92 83 21 87 61 69 62 50 78 82
TEST 21 ARG:10 7 84 23 8 34 92 41 94 73 67 44 59 32 88 35 37 64 31 75 38 12 91 18 72 26 97 60 74 14 98 28 62 33 49 25 39 47 3 20 83 29 13 22 87 15 19 77 54 57 61 96 93 1 66 30 27 24 79 85 99 76 43 52 53 50 82 48 36 68 71 9 65 63 40 86 51 90 70 89 78 2 46 5 56 55 16 42 69 11 80 21 95 4 6 0 45 17 81 58
TEST 22 ARG:29 59 84 65 4 9 47 25 62 88 3 26 13 53 24 67 1 63 15 22 49 23 32 35 58 51 39 20 7 36 14 18 69 87 74 70 50 54 42 98 10 92 30 19 44 76 90 55 43 86 95 31 73 94 17 79 37 27 82 40 60 93 89 28 83 57 45 21 71 68 78 33 41 77 97 75 72 61 6 0 81 2 66 80 56 5 11 38 99 8 85 52 64 96 12 34 48 46 16 91
TEST 23 ARG:52 40 33 47 53 34 6 86 14 93 1 88 29 27 65 46 57 13 83 67 66 60 55 94 11 71 64 77 91 63 75 30 80 21 69 62 10 48 81 98 42 51 5 24 9 70 50 2 22 82 20 28 72 95 18 32 17 8 78 85 43 76 99 44 0 49 19 3 12 96 84 56 38 37 41 74 15 54 79 68 61 39 7 87 92 25 31 35 23 58 59 89 97 45 73 36 26 90 4 16
TEST 24 ARG:68 38 4 5 53 0 48 87 9 55 71 25 76 22 23 33 99 42 39 36 65 66 72 34 29 64 28 47 40 41 80 15 88 2 13 79 16 46 84 56 83 11 8 74 59 67 6 62 12 17 75 78 14 49 31 97 20 35 45 81 82 96 92 93 57 54 89 10 95 69 1 94 63 90 7 32 70 24 61 98 21 58 50 26 44 30 73 51 27 43 18 3 91 37 85 19 86 52 60 77
TEST 25 ARG:37 63 8 5 99 90 80 50 10 88 12 2 16 84 11 27 41 60 66 95 44 18 57 69 33 92 96 85 32 38 94 9 56 17 68 74 4 31 35 71 97 48 87 40 52 67 3 29 1 72 86 54 45 7 30 28 22 21 51 70 49 73 53 78 46 83 75 19 81 25 62 93 42 43 91 20 58 82 65 59 6 34 76 13 15 36 77 0 14 39 24 98 55 79 61 26 64 47 23 89
TEST 26 ARG:28 67 40 62 61 31 30 41 81 24 2 82 90 93 8 6 10 97 69 76 86 83 22 25 58 52 4 33 84 99 57 0 1 14 13 79 89 20 71 73 44 35 12 60 91 53 85 18 74 19 59 87 43 77 21 56 46 16 65 32 92 75 51 98 9 11 38 17 54 29 3 49 37 26 45 36 34 80 70 55 78 72 96 7 5 27 64 95 47 88 23 50 15 94 48 39 68 66 63 42
TEST 27 ARG:73 95 64 26 83 10 60 22 89 7 4 40 37 96 43 8 98 11 71 9 0 18 90 70 45 3 31 78 19 77 75 29 6 65 41 59 44 32 85 87 57 23 21 42 14 91 92 79 88 39 16 12 48 68 93 76 55 15 34 81 66 49 52 27 46 94 24 2 84 62 97 72 86 47 74 67 33 25 53 35 13 58 69 28 1 51 80 50 56 5 54 82 36 20 63 61 99 30 38 17
TEST 28 ARG:64 4 41 7 73 26 69 45 29 31 56 57 78 32 51 30 44 59 18 70 36 21 35 79 91 50 3 94 12 8 97 25 24 84 80 14 62 19 77 93 83 42 52 60 20 5 10 71 48 98 11 49 88 89 67 28 43 61 39 2 63 17 54 81 82 96 16 47 1 53 6 40 90 66 38 86 37 23 46 58 76 0 9 33 87 95 72 99 75 13 65 74 15 92 55 68 34 85 27 22
TEST 29 ARG:73 61 58 57 62 18 4 75 90 8 44 12 11 45 46 72 56 31 23 49 5 81 76 29 70 24 7 85 91 63 6 89 10 36 65 25 84 20 0 71 98 40 69 79 19 93 33 67 82 34 17 38 68 52 95 59 54 78 35 30 3 39 37 28 51 2 16 87 55 53 92 64 21 26 22 77 13 32 41 27 97 50 15 99 66 42 48 60 9 96 86 83 80 1 14 43 88 94 74 47
TEST 30 ARG:49 71 94 87 96 50 22 16 8 69 55 41 29 60 47 97 83 85 63 73 57 68 95 15 2 7 59 39 3 91 51 90 86 99 76 88 40 56 9 72 28 81 18 64 75 79 80 43 32 24 70 5 27 46 44 13 66 92 77 36 52 93 82 34 4 45 38 19 33 35 58 37 12 31 0 21 14 1 48 10 26 54 20 67 65 84 23 6 17 98 42 62 89 30 11 53 25 74 61 78
TEST 31 ARG:63 16 97 12 55 62 48 82 1 78 21 98 58 31 45 18 69 33 24 40 61 38 42 9 73 26 99 74 34 43 10 91 75 52 17 14 96 19 64 22 80 57 46 92 35 3 7 87 94 5 59 77 32 95 47 11 68 53 89 41 56 36 86 93 0 54 30 27 81 37 71 15 83 66 2 44 50 84 39 29 20 79 4 25 51 60 72 28 49 8 88 70 67 23 13 90 65 6 85 76
TEST 32 ARG:84 30 51 81 19 43 64 9 70 98 94 99 5 42 76 18 37 77 82 6 1 17 45 14 78 20 73 55 46 31 52 95 75 60 58 66 24 33 96 53 87 97 62 13 22 92 85 74 36 59 83 41 67 26 38 44 0 88 27 57 10 54 8 72 25 93 48 56 28 65 11 79 35 3 89 90 15 39 16 34 29 2 91 47 71 68 4 69 7 32 61 49 86 12 21 23 40 50 63 80
TEST 33 ARG:14 19 45 92 73 87 24 41 1 74 16 46 51 77 70 27 13 12 54 28 50 61 48 0 26 71 42 90 44 60 49 94 82 21 80 86 53 69 89 2 93 52 57 25 7 17 33 56 3 23 68 83 58 64 18 97 20 35 75 55 43 11 36 32 9 47 59 78 15 76 6 65 85 30 40 4 81 66 72 37 63 34 5 39 10 29 38 98 62 79 67 31 88 22 84 91 96 95 99 8
TEST 34 ARG:78 90 28 99 42 79 40 56 45 64 52 71 21 11 51 84 34 25 55 8 39 89 76 14 37 6 50 30 12 67 31 87 82 49 59 88 33 63 22 48 96 72 43 16 26 20 58 74 29 27 98 3 2 1 75 36 23 0 86 41 4 61 53 68 91 95 54 57 60 77 7 17 9 97 38 46 81 19 83 85 80 94 62 47 44 66 15 32 13 65 35 69 93 92 5 70 18 10 73 24
TEST 35 ARG:92 30 1 3 48 26 28 71 95 98 85 74 79 52 99 20 21 16 82 88 39 13 41 89 80 31 67 83 6 75 59 25 15 73 70 17 64 29 86 7 49 24 38 12 46 36 44 47 60 33 23 54 51 43 56 40 42 77 19 4 72 50 62 87 37 66 2 65 94 61 53 5 68 57 32 35 91 10 8 45 69 14 63 96 97 18 93 34 0 58 22 78 11 9 27 55 81 90 84 76
TEST 36 ARG:6 39 27 32 22 97 67 53 13 11 70 18 16 64 23 25 82 48 52 80 63 30 37 92 81 36 86 46 3 49 50 47 95 65 89 41 10 78 60 21 91 66 94 83 19 71 68 61 20 77 74 34 1 69 35 2 87 8 4 14 76 43 12 96 44 85 75 88 51 45 58 5 98 93 62 40 73 84 33 55 54 59 31 72 79 57 0 99 90 7 29 38 17 24 42 15 28 56 26 9
TEST 37 ARG:91 72 33 94 71 42 65 30 70 22 48 4 62 93 3 16 20 2 88 50 37 80 96 46 76 13 35 1 34 95 59 53 47 69 11 45 43 61 15 99 57 52 73 36 0 51 87 58 60 74 38 68 24 9 6 25 18 86 85 82 44 75 26 54 90 31 8 19 78 41 81 77 89 10 17 40 64 98 84 83 56 66 12 7 32 97 21 14 27 49 79 92 28 29 5 55 67 39 23 63
TEST 38 ARG:12 24 55 6 89 44 17 37 49 41 64 81 85 1 87 76 96 13 0 74 82 2 52 63 61 93 78 54 21 70 69 88 98 94 48 39 9 92 42 38 34 23 68 19 35 15 36 71 95 57 66 72 60 26 75 46 18 51 99 97 79 83 33 10 58 14 22 5 45 86 29 3 90 8 32 47 65 20 11 84 25 73 56 31 30 91 50 59 4 28 16 27 80 77 40 7 67 53 62 43
TEST 39 ARG:36 4 28 21 27 75 85 2 97 40 43 89 87 50 72 73 88 35 12 98 67 31 10 71 58 47 93 81 56 32 60 70 46 68 19 95 52 37 44 5 76 77 41 24 14 64 80 74 1 3 18 6 30 90 63 33 8 9 39 25 66 7 92 94 34 42 16 51 53 26 91 45 20 69 82 99 0 23 22 38 54 96 84 11 86 79 55 78 13 15 17 29 59 61 83 65 49 62 48 57
TEST 40 ARG:73 55 56 57 7 15 64 16 10 71 27 72 61 86 54 58 1 78 0 91 23 37 50 25 30 92 13 34 97 41 51 59 21 67 53 2 76 47 98 36 87 40 96 12 17 11 81 85 24 38 99 94 18 32 28 22 77 46 49 35 68 48 43 3 14 8 60 45 5 95 19 93 70 82 29 6 9 74 44 80 52 66 88 75 39 83 62 20 79 26 33 84 42 31 69 4 89 63 65 90
TEST 41 ARG:99 0 6 98 41 61 62 45 97 43 16 93 87 46 86 89 69 88 51 83 22 47 53 36 19 38 70 79 10 39 23 64 67 54 3 32 78 50 27 44 92 13 15 77 42 95 2 82 76 49 55 5 29 73 91 59 68 63 8 40 26 12 75 58 7 57 28 31 74 9 24 90 60 52 85 20 34 71 84 4 56 1 30 72 11 66 17 21 65 35 80 94 96 81 48 33 14 37 25 18
TEST 42 ARG:27 15 89 47 39 76 37 0 1 82 6 29 56 97 5 75 88 9 57 24 71 96 52 67 78 68 58 18 84 81 46 62 36 55 30 80 93 17 92 22 13 63 98 12 40 7 72 95 49 45 64 44 69 8 86 70 60 59 23 99 10 73 26 79 19 50 90 66 16 51 20 74 77 35 25 32 61 83 21 87 43 38 65 42 91 4 14 41 2 54 33 85 34 3 53 31 94 11 28 48
TEST 43 ARG:81 43 38 32 85 40 30 72 75 92 91 47 11 67 95 96 28 49 90 17 13 19 51 88 5 84 63 2 20 44 36 54 79 3 4 57 22 50 59 45 55 65 37 93 61 0 41 29 24 73 52 12 62 68 69 39 87 56 15 25 9 26 27 80 21 14 94 66 16 83 77 1 76 31 35 58 89 82 18 42 53 98 78 74 10 48 99 60 6 23 86 64 70 34 7 97 33 8 46 71
TEST 44 ARG:69 26 99 39 80 35 67 38 57 45 49 44 16 79 89 88 58 7 74 40 29 48 60 78 77 10 63 33 68 91 94 25 3 32 70 73 62 96 97 19 43 23 1 85 9 65 4 27 81 51 2 86 56 0 75 92 31 64 93 71 30 52 47 37 8 41 22 95 42 12 61 53 13 17 72 15 82 66 46 83 87 28 34 6 14 36 55 90 98 5 20 18 54 11 24 84 59 76 50 21
TEST 45 ARG:67 41 62 79 15 73 70 48 20 36 9 39 46 90 35 59 99 71 38 6 77 83 11 58 81 5 92 18 84 69 74 86 82 44 97 8 68 72 88 29 32 66 75 98 0 24 87 54 37 89 47 14 3 12 33 85 55 49 64 93 51 63 60 27 43 76 16 95 53 52 23 13 40 56 2 42 25 34 50 17 80 19 1 91 10 31 21 22 78 61 57 96 7 65 45 26 94 30 4 28
TEST 46 ARG:25 97 95 1 93 13 8 33 29 6 85 30 72 5 3 98 90 14 20 38 19 36 50 87 21 42 99 63 70 57 60 62 73 40 0 58 78 74 59 67 34 12 68 76 71 46 49 89 15 84 94 23 80 24 83 32 53 37 86 10 66 69 35 47 44 56 28 92 16 11 51 7 88 45 91 48 79 82 54 64 61 41 17 43 55 2 4 65 31 9 96 52 18 22 77 27 81 75 26 39
TEST 47 ARG:53 55 18 85 13 51 86 41 10 49 24 84 87 40 17 4 92 90 35 50 65 27 1 34 68 63 79 67 31 19 91 95 29 73 16 2 59 28 5 25 42 72 83 74 8 76 37 57 71 75 99 21 7 98 6 11 32 47 66 88 82 14 30 61 43 45 38 78 12 20 58 94 81 52 89 62 39 97 0 69 56 44 70 80 54 46 60 22 3 64 48 77 15 96 26 9 23 93 33 36
